JJp =

   1.0416e+04


JJe =

   1.9567e+03


tTotal =

   31.0099
.
JJp =

   1.0423e+04


JJe =

   1.9580e+03


tTotal =

    5.7945
V2.V2



JJp =

   1.0424e+04


JJe =

   1.9569e+03


tTotal =

    5.8151

